pt_1(100,40,500)
pt_2(100,40,500)
m_vis(100,20,1000)
mt_tot(100,20,1000)
svfit_mass(100,20,1000)
mt_1(100,0,300)
mt_2(100,0,300)
mt_lep(100,0,300)
n_jets(8,0,8)
n_deepbjets(5,0,5)
met(60,0,300)
tau_decay_mode_1[0,1,2,3,4,5,6,7,8,9,10,11,12]
tau_decay_mode_2[0,1,2,3,4,5,6,7,8,9,10,11,12]
mva_dm_1[0,1,2,3,4,5,6,7,8,9,10,11,12]
mva_dm_2[0,1,2,3,4,5,6,7,8,9,10,11,12]
eta_1(40,-2.2,2.2)
eta_2(40,-2.2,2.2)
jpt_1(100,0,500)
jpt_2(100,0,500)
jet_pt_1(100,40,500)
jet_pt_2(100,40,500)
met_dphi_1(40,0,3.2)
met_dphi_2(40,0,3.2)
dphi(40,0,3.2)
pt_vis(100,40,600)
pt_tt(100,40,600)
mjj(50,0,500)
dijetpt(100,30,600)
jdeta(40,0,6)
rho(50,0,100)
dR(40,0,8)
ip_mag_1(50,0,0.2)
ip_mag_2(50,0,0.2)
ip_sig_1(40,0,40)
ip_sig_2(40,0,40)
q_1[-1.5,-0.5,0.5,1.5]
q_2[-1.5,-0.5,0.5,1.5]
